____________________________________________________________________________________________________
Selected feature: HOG03
Principal components count: 256
Classes count: 43
Selected classes: [0, 1, 2, 3, 4, 5, 6, 7, 8, 9, 10, 11, 12, 13, 14, 15, 16, 17, 18, 19, 20, 21, 22, 23, 24, 25, 26, 27, 28, 29, 30, 31, 32, 33, 34, 35, 36, 37, 38, 39, 40, 41, 42]
Loading data...
Operation completed. Elapsed time: 0h 7m 30s
Full dataset size: 51839
Training set size: 39209 (75.64 %)
Test set size: 12630 (24.36 %)

Training linear kernel ...
Operation completed. Elapsed time: 0h 1m 22s
Evaluating ...
             precision    recall  f1-score   support

          0       1.00      0.87      0.93        60
          1       0.90      0.90      0.90       720
          2       0.84      0.95      0.89       750
          3       0.91      0.82      0.86       450
          4       0.94      0.96      0.95       660
          5       0.77      0.87      0.82       630
          6       0.83      0.76      0.79       150
          7       0.94      0.86      0.90       450
          8       0.86      0.89      0.87       450
          9       0.98      0.98      0.98       480
         10       0.97      0.98      0.98       660
         11       0.87      0.90      0.89       420
         12       1.00      0.99      1.00       690
         13       1.00      1.00      1.00       720
         14       1.00      0.99      0.99       270
         15       1.00      1.00      1.00       210
         16       1.00      0.98      0.99       150
         17       1.00      1.00      1.00       360
         18       0.98      0.92      0.94       390
         19       0.88      1.00      0.94        60
         20       0.96      0.98      0.97        90
         21       0.93      0.72      0.81        90
         22       1.00      0.74      0.85       120
         23       0.88      0.85      0.86       150
         24       1.00      0.89      0.94        90
         25       0.87      0.97      0.91       480
         26       0.75      0.80      0.78       180
         27       0.81      0.35      0.49        60
         28       0.82      0.91      0.86       150
         29       0.93      0.88      0.90        90
         30       0.72      0.67      0.69       150
         31       0.89      1.00      0.94       270
         32       1.00      0.52      0.68        60
         33       0.99      0.98      0.98       210
         34       0.98      0.99      0.98       120
         35       0.98      0.97      0.97       390
         36       0.99      0.95      0.97       120
         37       1.00      0.87      0.93        60
         38       0.99      0.99      0.99       690
         39       1.00      0.99      0.99        90
         40       0.99      0.98      0.98        90
         41       1.00      0.77      0.87        60
         42       0.97      0.70      0.81        90

avg / total       0.93      0.93      0.92     12630

Total accuracy: 92.58 %

Training poly2 kernel ...
Operation completed. Elapsed time: 0h 1m 20s
Evaluating ...
             precision    recall  f1-score   support

          0       0.98      0.87      0.92        60
          1       0.90      0.90      0.90       720
          2       0.84      0.95      0.89       750
          3       0.91      0.83      0.87       450
          4       0.94      0.96      0.95       660
          5       0.77      0.87      0.81       630
          6       0.83      0.75      0.79       150
          7       0.94      0.85      0.89       450
          8       0.86      0.89      0.87       450
          9       0.98      0.99      0.98       480
         10       0.98      0.98      0.98       660
         11       0.88      0.90      0.89       420
         12       1.00      1.00      1.00       690
         13       1.00      1.00      1.00       720
         14       1.00      0.99      0.99       270
         15       1.00      1.00      1.00       210
         16       1.00      0.98      0.99       150
         17       1.00      1.00      1.00       360
         18       0.98      0.91      0.94       390
         19       0.90      1.00      0.94        60
         20       0.97      0.98      0.97        90
         21       0.93      0.72      0.81        90
         22       1.00      0.74      0.85       120
         23       0.88      0.83      0.85       150
         24       1.00      0.89      0.94        90
         25       0.86      0.97      0.91       480
         26       0.76      0.81      0.78       180
         27       0.81      0.35      0.49        60
         28       0.82      0.91      0.86       150
         29       0.91      0.90      0.91        90
         30       0.73      0.69      0.71       150
         31       0.89      1.00      0.94       270
         32       1.00      0.52      0.68        60
         33       0.99      0.98      0.98       210
         34       0.98      0.99      0.98       120
         35       0.98      0.97      0.97       390
         36       0.99      0.95      0.97       120
         37       1.00      0.87      0.93        60
         38       1.00      0.99      0.99       690
         39       1.00      0.98      0.99        90
         40       0.99      0.98      0.98        90
         41       1.00      0.78      0.88        60
         42       0.97      0.71      0.82        90

avg / total       0.93      0.93      0.93     12630

Total accuracy: 92.62 %

Training poly3 kernel ...
Operation completed. Elapsed time: 0h 1m 2s
Evaluating ...
             precision    recall  f1-score   support

          0       0.93      0.85      0.89        60
          1       0.88      0.91      0.89       720
          2       0.86      0.95      0.90       750
          3       0.87      0.84      0.85       450
          4       0.94      0.95      0.95       660
          5       0.79      0.85      0.82       630
          6       0.79      0.76      0.77       150
          7       0.93      0.86      0.89       450
          8       0.86      0.87      0.86       450
          9       0.96      0.98      0.97       480
         10       0.98      0.97      0.98       660
         11       0.89      0.89      0.89       420
         12       1.00      0.99      1.00       690
         13       1.00      1.00      1.00       720
         14       1.00      0.99      0.99       270
         15       1.00      1.00      1.00       210
         16       1.00      0.99      0.99       150
         17       1.00      0.98      0.99       360
         18       0.95      0.93      0.94       390
         19       0.86      1.00      0.92        60
         20       0.94      0.98      0.96        90
         21       0.93      0.76      0.83        90
         22       1.00      0.75      0.86       120
         23       0.87      0.81      0.84       150
         24       0.98      0.91      0.94        90
         25       0.91      0.93      0.92       480
         26       0.76      0.77      0.76       180
         27       0.80      0.47      0.59        60
         28       0.77      0.91      0.83       150
         29       0.88      0.87      0.87        90
         30       0.74      0.75      0.75       150
         31       0.88      0.99      0.93       270
         32       1.00      0.53      0.70        60
         33       1.00      0.98      0.99       210
         34       0.98      0.99      0.98       120
         35       0.99      0.97      0.98       390
         36       0.99      0.95      0.97       120
         37       1.00      0.90      0.95        60
         38       0.99      0.99      0.99       690
         39       1.00      0.98      0.99        90
         40       0.97      0.97      0.97        90
         41       1.00      0.75      0.86        60
         42       0.97      0.69      0.81        90

avg / total       0.93      0.92      0.92     12630

Total accuracy: 92.39 %

Training rbf kernel ...
Operation completed. Elapsed time: 0h 1m 17s
Evaluating ...
             precision    recall  f1-score   support

          0       0.94      0.85      0.89        60
          1       0.91      0.90      0.90       720
          2       0.83      0.96      0.89       750
          3       0.90      0.83      0.86       450
          4       0.94      0.95      0.95       660
          5       0.78      0.86      0.82       630
          6       0.83      0.77      0.80       150
          7       0.94      0.86      0.90       450
          8       0.86      0.89      0.87       450
          9       0.98      0.99      0.99       480
         10       0.98      0.98      0.98       660
         11       0.89      0.91      0.90       420
         12       1.00      0.99      1.00       690
         13       1.00      1.00      1.00       720
         14       0.99      0.98      0.99       270
         15       1.00      1.00      1.00       210
         16       1.00      0.98      0.99       150
         17       1.00      1.00      1.00       360
         18       0.98      0.92      0.94       390
         19       0.88      1.00      0.94        60
         20       0.93      0.98      0.95        90
         21       0.92      0.72      0.81        90
         22       1.00      0.74      0.85       120
         23       0.88      0.81      0.85       150
         24       0.99      0.90      0.94        90
         25       0.88      0.96      0.92       480
         26       0.75      0.79      0.77       180
         27       0.85      0.37      0.51        60
         28       0.80      0.92      0.86       150
         29       0.89      0.90      0.90        90
         30       0.77      0.73      0.75       150
         31       0.88      0.99      0.93       270
         32       1.00      0.55      0.71        60
         33       0.99      0.98      0.98       210
         34       0.98      0.99      0.99       120
         35       0.98      0.97      0.98       390
         36       0.99      0.95      0.97       120
         37       1.00      0.88      0.94        60
         38       0.99      0.99      0.99       690
         39       1.00      0.98      0.99        90
         40       1.00      0.97      0.98        90
         41       1.00      0.78      0.88        60
         42       0.97      0.67      0.79        90

avg / total       0.93      0.93      0.93     12630

Total accuracy: 92.68 %

Training chi^2 kernel ...
Operation completed. Elapsed time: 0h 35m 2s
Evaluating ...
             precision    recall  f1-score   support

          0       0.93      0.88      0.91        60
          1       0.87      0.92      0.89       720
          2       0.85      0.93      0.89       750
          3       0.85      0.85      0.85       450
          4       0.94      0.95      0.94       660
          5       0.81      0.83      0.82       630
          6       0.79      0.77      0.78       150
          7       0.93      0.86      0.89       450
          8       0.87      0.86      0.87       450
          9       0.96      0.98      0.97       480
         10       0.98      0.98      0.98       660
         11       0.91      0.92      0.91       420
         12       1.00      1.00      1.00       690
         13       1.00      1.00      1.00       720
         14       0.99      0.99      0.99       270
         15       1.00      1.00      1.00       210
         16       1.00      0.99      0.99       150
         17       1.00      0.98      0.99       360
         18       0.94      0.94      0.94       390
         19       0.88      1.00      0.94        60
         20       0.95      0.98      0.96        90
         21       0.93      0.77      0.84        90
         22       1.00      0.75      0.86       120
         23       0.83      0.81      0.82       150
         24       0.97      0.93      0.95        90
         25       0.92      0.93      0.93       480
         26       0.78      0.77      0.77       180
         27       0.76      0.43      0.55        60
         28       0.78      0.93      0.85       150
         29       0.86      0.87      0.86        90
         30       0.75      0.73      0.74       150
         31       0.89      1.00      0.94       270
         32       0.97      0.52      0.67        60
         33       0.99      0.99      0.99       210
         34       0.97      0.99      0.98       120
         35       0.99      0.96      0.98       390
         36       0.99      0.95      0.97       120
         37       1.00      0.90      0.95        60
         38       0.99      1.00      0.99       690
         39       1.00      0.98      0.99        90
         40       0.98      0.97      0.97        90
         41       1.00      0.73      0.85        60
         42       0.97      0.70      0.81        90

avg / total       0.93      0.92      0.92     12630

Total accuracy: 92.45 %

