____________________________________________________________________________________________________
Selected feature: HOG02
Principal components count: 256
Classes count: 43
Selected classes: [0, 1, 2, 3, 4, 5, 6, 7, 8, 9, 10, 11, 12, 13, 14, 15, 16, 17, 18, 19, 20, 21, 22, 23, 24, 25, 26, 27, 28, 29, 30, 31, 32, 33, 34, 35, 36, 37, 38, 39, 40, 41, 42]
Loading data...
Operation completed. Elapsed time: 0h 4m 52s
Full dataset size: 51839
Training set size: 39209 (75.64 %)
Test set size: 12630 (24.36 %)

Training linear kernel ...
Operation completed. Elapsed time: 0h 1m 20s
Evaluating ...
             precision    recall  f1-score   support

          0       0.98      0.80      0.88        60
          1       0.94      0.96      0.95       720
          2       0.90      0.95      0.92       750
          3       0.93      0.88      0.90       450
          4       0.98      0.97      0.97       660
          5       0.87      0.92      0.89       630
          6       0.95      0.81      0.87       150
          7       0.95      0.91      0.93       450
          8       0.89      0.94      0.92       450
          9       0.97      1.00      0.98       480
         10       0.99      0.98      0.99       660
         11       0.88      0.95      0.91       420
         12       1.00      0.99      0.99       690
         13       1.00      1.00      1.00       720
         14       1.00      0.99      0.99       270
         15       1.00      0.99      0.99       210
         16       1.00      0.98      0.99       150
         17       1.00      1.00      1.00       360
         18       0.98      0.88      0.93       390
         19       0.94      1.00      0.97        60
         20       0.88      0.93      0.90        90
         21       0.95      0.90      0.93        90
         22       0.96      0.83      0.89       120
         23       0.86      0.88      0.87       150
         24       0.91      0.93      0.92        90
         25       0.92      0.96      0.94       480
         26       0.82      0.82      0.82       180
         27       0.83      0.48      0.61        60
         28       0.84      0.92      0.88       150
         29       0.93      0.89      0.91        90
         30       0.83      0.77      0.80       150
         31       0.93      0.99      0.96       270
         32       0.94      1.00      0.97        60
         33       1.00      1.00      1.00       210
         34       0.99      0.99      0.99       120
         35       0.99      0.98      0.98       390
         36       0.98      0.97      0.98       120
         37       1.00      0.95      0.97        60
         38       0.99      0.99      0.99       690
         39       1.00      0.97      0.98        90
         40       0.99      0.88      0.93        90
         41       1.00      0.77      0.87        60
         42       1.00      0.91      0.95        90

avg / total       0.95      0.95      0.95     12630

Total accuracy: 94.83 %

Training poly2 kernel ...
Operation completed. Elapsed time: 0h 1m 20s
Evaluating ...
             precision    recall  f1-score   support

          0       0.98      0.83      0.90        60
          1       0.94      0.96      0.95       720
          2       0.90      0.95      0.93       750
          3       0.93      0.88      0.91       450
          4       0.98      0.97      0.97       660
          5       0.87      0.92      0.89       630
          6       0.93      0.82      0.87       150
          7       0.95      0.91      0.93       450
          8       0.89      0.94      0.92       450
          9       0.97      1.00      0.98       480
         10       0.99      0.98      0.99       660
         11       0.88      0.96      0.92       420
         12       1.00      0.99      0.99       690
         13       1.00      1.00      1.00       720
         14       1.00      0.99      0.99       270
         15       0.99      0.99      0.99       210
         16       1.00      0.99      0.99       150
         17       1.00      1.00      1.00       360
         18       0.98      0.89      0.93       390
         19       0.94      1.00      0.97        60
         20       0.88      0.93      0.91        90
         21       0.95      0.89      0.92        90
         22       0.96      0.82      0.88       120
         23       0.88      0.88      0.88       150
         24       0.91      0.94      0.93        90
         25       0.91      0.96      0.94       480
         26       0.81      0.82      0.81       180
         27       0.78      0.48      0.60        60
         28       0.84      0.92      0.88       150
         29       0.92      0.89      0.90        90
         30       0.85      0.77      0.81       150
         31       0.94      0.99      0.96       270
         32       0.95      1.00      0.98        60
         33       1.00      1.00      1.00       210
         34       0.99      0.99      0.99       120
         35       0.99      0.98      0.99       390
         36       0.98      0.97      0.98       120
         37       1.00      0.95      0.97        60
         38       0.99      0.99      0.99       690
         39       1.00      0.97      0.98        90
         40       0.99      0.89      0.94        90
         41       1.00      0.77      0.87        60
         42       1.00      0.89      0.94        90

avg / total       0.95      0.95      0.95     12630

Total accuracy: 94.89 %

Training poly3 kernel ...
Operation completed. Elapsed time: 0h 1m 1s
Evaluating ...
             precision    recall  f1-score   support

          0       0.89      0.83      0.86        60
          1       0.94      0.97      0.95       720
          2       0.92      0.95      0.93       750
          3       0.90      0.90      0.90       450
          4       0.98      0.96      0.97       660
          5       0.86      0.91      0.88       630
          6       0.98      0.81      0.89       150
          7       0.93      0.91      0.92       450
          8       0.91      0.93      0.92       450
          9       0.97      1.00      0.98       480
         10       1.00      0.98      0.99       660
         11       0.91      0.94      0.93       420
         12       1.00      0.99      0.99       690
         13       1.00      1.00      1.00       720
         14       1.00      0.99      0.99       270
         15       1.00      1.00      1.00       210
         16       1.00      0.99      1.00       150
         17       1.00      1.00      1.00       360
         18       0.98      0.90      0.94       390
         19       0.94      1.00      0.97        60
         20       0.84      0.93      0.88        90
         21       0.92      0.91      0.92        90
         22       0.98      0.78      0.87       120
         23       0.85      0.90      0.88       150
         24       0.93      0.96      0.95        90
         25       0.92      0.96      0.94       480
         26       0.83      0.79      0.81       180
         27       0.67      0.52      0.58        60
         28       0.82      0.94      0.87       150
         29       0.94      0.89      0.91        90
         30       0.80      0.77      0.79       150
         31       0.95      0.99      0.97       270
         32       0.98      1.00      0.99        60
         33       1.00      1.00      1.00       210
         34       0.99      0.99      0.99       120
         35       0.98      0.97      0.98       390
         36       0.97      0.97      0.97       120
         37       1.00      0.95      0.97        60
         38       0.99      0.98      0.99       690
         39       1.00      0.98      0.99        90
         40       1.00      0.90      0.95        90
         41       1.00      0.78      0.88        60
         42       0.99      0.98      0.98        90

avg / total       0.95      0.95      0.95     12630

Total accuracy: 94.92 %

Training rbf kernel ...
Operation completed. Elapsed time: 0h 1m 16s
Evaluating ...
             precision    recall  f1-score   support

          0       1.00      0.85      0.92        60
          1       0.93      0.96      0.95       720
          2       0.91      0.96      0.93       750
          3       0.93      0.90      0.91       450
          4       0.98      0.96      0.97       660
          5       0.89      0.91      0.90       630
          6       0.94      0.82      0.88       150
          7       0.95      0.91      0.93       450
          8       0.90      0.95      0.92       450
          9       0.97      1.00      0.98       480
         10       1.00      0.98      0.99       660
         11       0.89      0.96      0.92       420
         12       1.00      0.99      0.99       690
         13       1.00      1.00      1.00       720
         14       1.00      0.99      0.99       270
         15       0.99      0.99      0.99       210
         16       1.00      0.99      0.99       150
         17       1.00      1.00      1.00       360
         18       0.98      0.89      0.93       390
         19       0.91      1.00      0.95        60
         20       0.87      0.93      0.90        90
         21       0.94      0.92      0.93        90
         22       0.97      0.82      0.89       120
         23       0.88      0.89      0.89       150
         24       0.93      0.96      0.95        90
         25       0.91      0.96      0.94       480
         26       0.81      0.81      0.81       180
         27       0.77      0.50      0.61        60
         28       0.84      0.95      0.89       150
         29       0.93      0.90      0.92        90
         30       0.85      0.77      0.81       150
         31       0.96      0.99      0.98       270
         32       0.97      1.00      0.98        60
         33       0.99      1.00      0.99       210
         34       0.99      0.99      0.99       120
         35       0.99      0.98      0.98       390
         36       0.98      0.97      0.97       120
         37       1.00      0.95      0.97        60
         38       0.99      0.99      0.99       690
         39       1.00      0.97      0.98        90
         40       0.99      0.90      0.94        90
         41       1.00      0.82      0.90        60
         42       0.98      0.90      0.94        90

avg / total       0.95      0.95      0.95     12630

Total accuracy: 95.11 %

Training chi^2 kernel ...
Operation completed. Elapsed time: 0h 35m 40s
Evaluating ...
             precision    recall  f1-score   support

          0       0.95      0.87      0.90        60
          1       0.94      0.97      0.96       720
          2       0.91      0.95      0.93       750
          3       0.90      0.91      0.90       450
          4       0.98      0.95      0.96       660
          5       0.86      0.90      0.88       630
          6       0.98      0.83      0.90       150
          7       0.93      0.90      0.92       450
          8       0.92      0.92      0.92       450
          9       0.97      1.00      0.98       480
         10       1.00      0.98      0.99       660
         11       0.91      0.96      0.93       420
         12       1.00      0.99      0.99       690
         13       1.00      1.00      1.00       720
         14       1.00      0.99      0.99       270
         15       1.00      0.99      0.99       210
         16       1.00      0.99      0.99       150
         17       1.00      0.99      1.00       360
         18       0.98      0.91      0.94       390
         19       0.91      1.00      0.95        60
         20       0.79      0.93      0.86        90
         21       0.89      0.90      0.90        90
         22       0.97      0.80      0.88       120
         23       0.84      0.90      0.87       150
         24       0.96      0.94      0.95        90
         25       0.93      0.96      0.94       480
         26       0.86      0.81      0.83       180
         27       0.77      0.50      0.61        60
         28       0.83      0.95      0.89       150
         29       0.94      0.90      0.92        90
         30       0.88      0.76      0.82       150
         31       0.96      1.00      0.98       270
         32       1.00      1.00      1.00        60
         33       0.99      1.00      0.99       210
         34       0.99      0.99      0.99       120
         35       0.98      0.97      0.98       390
         36       0.98      0.97      0.98       120
         37       1.00      0.95      0.97        60
         38       0.99      0.99      0.99       690
         39       1.00      0.98      0.99        90
         40       1.00      0.91      0.95        90
         41       1.00      0.80      0.89        60
         42       0.99      0.98      0.98        90

avg / total       0.95      0.95      0.95     12630

Total accuracy: 95.04 %

